0 9 18 24 28 29 28 24 18 9
9 20 29 37 42 43 42 37 29 20
18 29 40 49 55 58 55 49 40 29
24 37 49 60 68 72 68 60 49 37
28 42 55 68 80 86 80 68 55 42
29 43 58 72 86 100 86 72 58 43
28 42 55 68 80 86 80 68 55 42
24 37 49 60 68 72 68 60 49 37
18 29 40 49 55 58 55 49 40 29
9 20 29 37 42 43 42 37 29 20
